2020212039	廖谷冬	1	1
2020212040	慎月悦	10	10
2020212041	沃莹玉	19	19
2020212042	吴濡霈	28	28
2020212043	翟琴芬	37	37
2020212044	宁颀秀	46	46
2020212045	蒙紫文	55	55
2020212046	惠梦竹	64	64
2020212047	浦丽英	73	73
2020212048	阙灵槐	82	82
2020212049	景新荣	91	91
2020212050	丁敏思	100	100
2020212051	焦虹影	109	109
2020212052	宁墨玉	118	118
2020212053	任文思	127	127
2020212054	邰清妙	136	136
2020212055	厍怀玉	145	145
2020212056	沈国娟	154	154
2020212057	庾轩秀	163	163
2020212058	邱佁然	172	172
2020212059	尚丝微	181	181
2020212060	屠丝雨	190	190
2020212061	扈初月	199	199
2020212062	劳水彤	208	208
2020212063	钱琲瓃	217	217
2020212064	寿阳霁	226	226
2020212065	蒙凡阳	235	235
2020212066	蓬含玉	244	244
2020212067	能悦可	253	253
2020212068	饶凌旋	262	262
2020212069	戴隽洁	271	271
2020212070	庾美芳	280	280
2020212071	劳翠霜	289	289
2020212072	苍恬默	298	298
2020212073	殳岚岚	307	307
2020212074	韶寻真	316	316
2020212075	郝雅楠	325	325
2020212076	蔚绮梦	334	334
2020212077	傅斯琪	343	343
2020212078	慕霓云	352	352
2020212079	寿雅琴	361	361
2020212080	公清浅	370	370
2020212081	红曼妮	379	379
2020212082	宿秋珊	388	388
2020212083	璩觅夏	397	397
2020212084	田映梦	406	406
2020212085	仰馨香	415	415
2020212086	贾胜红	424	424
2020212087	靳涵易	433	433
2020212088	宿平宁	442	442
2020212089	于彦露	451	451
2020212090	杨青蓉	460	460
2020212091	充瓶花	469	469
2020212092	刘恬静	478	478
2020212093	朱慕凝	487	487
2020212094	阴亦旋	496	496
2020212095	冷纯洁	505	505
2020212096	郁丽华	514	514
2020212097	弘念巧	523	523
2020212098	能怡若	532	532
2020212099	蔚幼柏	541	541
2020212100	邹媛女	550	550
2020212101	薛赞怡	559	559
2020212102	郭乃心	568	568
2020212103	阙倩愉	577	577
2020212104	龙钰彤	586	586
2020212105	姜娇洁	595	595
2020212106	伊新烟	604	604
2020212107	苏慧艳	613	613
2020212108	朱朗然	622	622
2020212109	崔从灵	631	631
2020212110	方流惠	640	640
2020212111	罗秉文	649	649
2020212112	牧和美	658	658
2020212113	郏梓洁	667	667
2020212114	甄嫣钰	676	676
2020212115	空娆苒	685	685
2020212116	文玄穆	694	694
2020212117	蔡云岚	703	703
2020212118	钭秋双	712	712
2020212119	于听白	721	721
2020212120	殳甘泽	730	730
2020212121	冉轶丽	739	739
2020212122	满怡金	748	748
2020212123	阴恬雅	757	757
2020212124	桓孟夏	766	766
2020212125	濮初珍	775	775
2020212126	傅言心	784	784
2020212127	党雁风	793	793
2020212128	权苏弥	802	802
2020212129	周溪儿	811	811
2020212130	宦山槐	820	820
2020212131	牧金梅	829	829
2020212132	龙以云	838	838
2020212133	孙柯洁	847	847
2020212134	瞿芮美	856	856
2020212135	戌寒梅	865	865
2020212136	居雪卉	874	874
2020212137	汤冷卉	883	883
2020212138	郏瑜英	892	892